16 16
0 0 0 122 119 123 0 121 131 120 126 0 0 0 0 0 
140 158 170 182 186 188 0 188 181 172 165 0 131 115 95 0 
192 191 186 181 184 183 0 181 182 185 189 0 193 184 169 159 
178 186 181 0 0 0 184 184 180 183 180 183 179 182 187 187 
0 0 0 184 183 182 183 183 183 187 183 182 185 181 172 169 
0 0 0 182 183 181 180 181 180 178 172 166 159 0 0 0 
0 184 181 177 175 169 164 164 162 160 160 154 0 0 0 0 
185 185 179 172 162 155 0 0 0 156 170 165 158 158 153 0 
185 183 176 169 160 156 0 0 157 167 178 169 160 164 158 0 
183 180 172 166 158 156 0 0 157 178 177 168 165 174 167 0 
182 177 168 162 155 0 0 0 157 178 176 169 170 180 172 0 
181 173 165 160 154 0 0 0 158 175 175 168 171 183 175 0 
179 172 163 158 153 0 0 0 162 173 172 167 171 180 174 166 
179 170 160 155 152 0 0 0 158 167 167 165 168 176 173 166 
177 168 159 0 0 0 0 0 0 0 0 163 166 171 169 158 
178 0 0 0 0 0 0 0 0 0 0 162 158 165 154 140 
